0.0030863201649540956
0.004318889535079437
0.0037814544057484115
0.0051066234608102175
0.003655343247213863
0.0039829754942315495
0.004531516748178232
0.004983986218262479
0.005377841048627265
0.004209107948436241
0.006016160335240984
0.004479105256684417
0.0037723532330189635
0.00448090495055697
0.004446676932645353
0.0044517041464724825
0.004191499915609588
0.004183995894106702
0.007008048952006419
0.004398042060195685
0.004648468509931823
0.005888569762757216
0.009004466284571112
0.00669480891926546
0.004055216141475787
0.007290113217791825
0.0045918371568797805
0.004883578810781674
0.004555813209312681
0.0055701001088735306
0.00509421739689246
0.004488655001910488
0.004733041088687776
0.0050956218125556155
0.004130339960716883
0.005325085816092813
0.0039490766163639114
0.00548791683541912
0.004315944619829912
0.001978954680630326
0.0035074435811199294
0.002990627462244616
0.003039157729198641
0.004236381475036312
0.0051064873524771185
0.003543082363517253
0.0037874991268173432
0.0052157219337625235
0.004294888341764084
0.0032512465910583817
0.0042984343035410415
0.0038146394419677774
0.0036641837087728712
0.0035237901182784037
0.003458857716849295
0.004126364175687169
0.004134112667393685
0.003375485710831617
0.0031801210530696383
0.0033933988334491384
0.004675407920843332
0.0041710518830842805
0.0038686125408122778
0.003936243870393927
0.0056642903629802056
0.008172842387981629
0.0037827036096483592
0.00453841237073625
0.003942638923854368
0.003594133724385405
0.004149090764874143
0.006110148523532879
0.004626248465400547
0.004304078096372194
0.003391326132040144
0.002853105969409013
0.004732307240242511
0.0049974847807958975
0.0046943724280841745
0.0034020726977840327
0.004812809236910237
0.0035159041465248385
0.005127084868458943
0.004473234731534465
0.003466969911090195
0.003384433800526504
0.003943341221371475
0.010275358833206362
0.005042299858311031
0.0037437990470691987
0.0025634106052140606
0.005187550224141476
0.0038039876105274463
0.0038229405019201
0.004046942239988965
0.004694663297043903
0.0039250151810409075
0.0030411245865162293
0.0036485902019105653
0.0046844721110054326
0.004606417356094828
0.0042871891338852434
0.0026921310800113855
0.004367776446012174
0.006180195170789417
0.004053664573734151
0.004898069270880767
0.004866627108641128
0.004582764532533466
0.007727603877251292
0.007080885235049366
0.00635757580993942
0.004547049660649106
0.005722732367443702
0.011264853460973705
0.006826754897555543
0.003470086227491844
0.005411476156714695
0.004809656971551574
0.00336412728549025
0.005305509259685922
0.0046842537572453205
0.00636223971524393
0.004132310061039981
0.005087831514617782
0.005961942420092067
0.0042015346857677055
0.004100290796346786
0.005784136646537009
0.006914695073290716
0.005357049103532436
0.004546056681910584
0.0024226791782139268
0.0045355324138475215
0.005717232037559126
0.0045512623734209985
0.0035396500674739085
0.004460218226927909
0.006186957826066273
0.004566400101792629
0.0039011530222039684
0.00288325669465894
0.005173547668280291
0.004559067974375278
0.0033695982309810656
0.00577727870688414
0.005164230584600472
0.003737740931038298
0.004583858026368261
0.0053104168375716475
0.0039227692683827765
0.004368058138761574
0.004663882740334743
0.004430605319320857
0.004570491715074102
0.01134668405538934
0.006317511047738459
0.006192956364245248
0.009334281465284805
0.0052105196298634785
0.00793736927797863
0.005737815310401435
0.004546823546804316
0.005796129401735179
0.009099134583551513
0.003835187637001232
0.0038504215289555943
0.00442385423263773
0.004219625606371377
0.004295017451709017
0.004631931147629266
0.003571482910804695
0.005382773587620909
0.005274770875050929
0.002052168669181393
0.004519513808909106
0.009434840577643006
0.003953956126844768
0.004001685571427785
0.006083677161962669
0.0054764187338584855
0.003923407530791126
0.002930898462290917
0.006006869923458496
0.004134611891002174
0.006118360007997725
0.005531052217188855
0.006278071981125725
0.004156827567495829
0.004087982377442348
0.004139349131422832
0.004154641829660183
0.003026954135390228
0.006802472271662055
0.0044941470346352465
0.003844699524591005
0.003986088478164652
0.0033503039739088024
0.006778096676264281
0.004098624746930409
0.002718091064182678
0.0032639005672739415
0.0046812024241719985
0.005623089065381459
0.005191971205366576
0.007703445883157993
0.004116709325766287
0.0043486793455326704
0.004880475930768506
0.006154246201008324
