Reading Data
(155562, 210) (155562,) (155562,) (155562,)
Total Num Samples: 155562
Positive/Negative: 0.6835666808089379 0.3164333191910621
Num alleles: 99
output_label, train_acc, test_acc, auroc, pp1, tp, fp, tn, fn, precision, recall, mcc
Train Stats: (150860, 210) 0.6882937823147289 0.3117062176852711
Test Stats: (4702, 210) 0.531901318587835 0.46809868141216504
A0101,0.8085244597640197,0.5682688217779668,0.7516415514666464,0.6258503401360545,628,157,2044,1873,0.8,0.2510995601759296,0.24052957186329288
Train Stats: (143672, 210) 0.6813992984019155 0.3186007015980845
Test Stats: (11890, 210) 0.7097560975609756 0.29024390243902437
A0201,0.8054457375132246,0.7847771236333053,0.8552610448055313,0.9566094853683148,6757,877,2574,1682,0.8851192035630076,0.8006872852233677,0.5174607083938904
Train Stats: (152652, 210) 0.688533396221471 0.3114666037785289
Test Stats: (2910, 210) 0.42302405498281787 0.5769759450171821
A0203,0.8056756544296833,0.8178694158075601,0.8922862773235973,0.8777472527472527,958,257,1422,273,0.7884773662551441,0.7782290820471162,0.6262875860282429
Train Stats: (152918, 210) 0.6825618959180737 0.31743810408192624
Test Stats: (2644, 210) 0.7416792738275341 0.258320726172466
A0206,0.806281798087864,0.7628593040847201,0.8645505363370497,0.9591527987897126,1453,119,564,508,0.9243002544529262,0.7409484956654768,0.5052331645503175
Train Stats: (153150, 210) 0.6787463271302644 0.32125367286973555
Test Stats: (2412, 210) 0.9896351575456053 0.010364842454394693
A0207,0.8066209598432909,0.6985903814262023,0.8390950984499371,1.0,1664,4,21,723,0.9976019184652278,0.6971093422706326,0.1177807808703574
Train Stats: (147115, 210) 0.6801413859905516 0.31985861400944837
Test Stats: (8447, 210) 0.7432224458387593 0.25677755416124065
A0301,0.8073140060496891,0.7365928732094235,0.7910408488459484,0.9180871212121212,4729,676,1493,1549,0.8749306197964848,0.7532653711373049,0.4018768924541168
Train Stats: (151971, 210) 0.6873482440728823 0.3126517559271177
Test Stats: (3591, 210) 0.5235310498468393 0.47646895015316065
A1101,0.806127484849083,0.821776663881927,0.8950013678699779,0.9131403118040089,1696,456,1255,184,0.7881040892193308,0.902127659574468,0.6478102251509777
Train Stats: (152815, 210) 0.6843765337172398 0.3156234662827602
Test Stats: (2747, 210) 0.6385147433563888 0.3614852566436112
A2301,0.8076563164610804,0.6563523844193666,0.7979591461783224,0.87627365356623,991,181,812,763,0.8455631399317406,0.564994298745724,0.3717616945186105
Train Stats: (151709, 210) 0.6811329584929042 0.3188670415070958
Test Stats: (3853, 210) 0.7793926810277706 0.22060731897222943
A2402,0.8093982558714381,0.5175188165066182,0.7483747624924095,0.9149377593360996,1285,141,709,1718,0.9011220196353437,0.4279054279054279,0.22502564593650987
Train Stats: (152268, 210) 0.6910513042792971 0.308948695720703
Test Stats: (3294, 210) 0.33758348512446873 0.6624165148755312
A2601,0.8049885727795728,0.7965998785670917,0.8628564151428628,0.7548543689320388,758,316,1866,354,0.7057728119180633,0.6816546762589928,0.5415526388766604
Train Stats: (153348, 210) 0.6840976080548817 0.31590239194511827
Test Stats: (2214, 210) 0.6467931345980127 0.35320686540198737
A2902,0.8082596447296345,0.6269196025293586,0.7154874337395877,0.8375451263537906,822,216,566,610,0.791907514450867,0.5740223463687151,0.2852385349372401
Train Stats: (151959, 210) 0.6831316341908015 0.3168683658091985
Test Stats: (3603, 210) 0.7019150707743547 0.2980849292256453
A3101,0.8077047098230443,0.5922842076047738,0.786813742707498,0.8912319644839067,1228,168,906,1301,0.8796561604584527,0.48556741795175956,0.3090417025433965
Train Stats: (154779, 210) 0.6828704152372091 0.3171295847627908
Test Stats: (783, 210) 0.8212005108556832 0.17879948914431673
A3201,0.8067179656154905,0.5798212005108557,0.7646522994890025,0.923469387755102,337,23,117,306,0.9361111111111111,0.5241057542768274,0.2766517474324855
Train Stats: (150731, 210) 0.6767022045896331 0.3232977954103668
Test Stats: (4831, 210) 0.8977437383564479 0.10225626164355206
A6801,0.8081283876574825,0.4659490788656593,0.8082832122430195,0.9768211920529801,1802,45,449,2535,0.9756361667569031,0.4154945815079548,0.2022591296284599
Train Stats: (153382, 210) 0.6863452034788958 0.3136547965211042
Test Stats: (2180, 210) 0.48807339449541287 0.5119266055045871
A6802,0.8067961038453013,0.718348623853211,0.8111609669334627,0.8220183486238533,651,201,915,413,0.7640845070422535,0.6118421052631579,0.4422836752919577
Train Stats: (148399, 210) 0.6793778933820309 0.32062210661796914
Test Stats: (7163, 210) 0.770347619712411 0.229652380287589
B0702,0.8090822714438777,0.36144073712131786,0.5020789656619784,0.7476270240089335,1445,501,1144,4073,0.7425488180883865,0.26187024284160926,-0.04036530384298473
Train Stats: (150688, 210) 0.6827750053089828 0.3172249946910172
Test Stats: (4874, 210) 0.7080426754205991 0.2919573245794009
B0801,0.8074365576555532,0.6114074681986048,0.8222976301286986,0.9384741591468416,1710,153,1270,1741,0.9178743961352657,0.49550854824688495,0.3630218677558382
Train Stats: (155118, 210) 0.6829961706571771 0.3170038293428229
Test Stats: (444, 210) 0.8828828828828829 0.11711711711711711
B1402,0.8064505731120825,0.6576576576576577,0.7554945054945053,0.972972972972973,253,13,39,139,0.9511278195488722,0.6454081632653061,0.2594415420539137
Train Stats: (149979, 210) 0.6822821861727308 0.31771781382726916
Test Stats: (5583, 210) 0.7180727207594483 0.28192727924055166
B1501,0.8103134438821435,0.5939459072183414,0.7327735910592527,0.8681948424068768,2067,325,1249,1942,0.8641304347826086,0.5155899226739835,0.28105344979026675
Train Stats: (152442, 210) 0.6877566549900946 0.3122433450099054
Test Stats: (3120, 210) 0.47884615384615387 0.5211538461538462
B1801,0.8055653953634825,0.8028846153846154,0.8816216073807325,0.8974358974358975,1155,276,1350,339,0.8071278825995807,0.7730923694779116,0.6048820940192445
Train Stats: (154472, 210) 0.6814050442798695 0.3185949557201305
Test Stats: (1090, 210) 0.9899082568807339 0.010091743119266056
B2704,0.8061460976746595,0.7678899082568807,0.6337517903782964,0.9963369963369964,833,7,4,246,0.9916666666666667,0.7720111214087118,0.03224847363848784
Train Stats: (151169, 210) 0.6831757833947436 0.3168242166052564
Test Stats: (4393, 210) 0.6970179831550194 0.30298201684498066
B2705,0.8068254734767049,0.7521056225813795,0.802704536989372,0.9008189262966333,2415,442,889,647,0.8452922646132307,0.7887001959503592,0.44004280340041363
Train Stats: (151320, 210) 0.6812252180808882 0.3187747819191118
Test Stats: (4242, 210) 0.7670909948137671 0.23290900518623292
B3501,0.8062979117102829,0.805987741631306,0.8629833353655048,0.9670122525918945,2688,257,731,566,0.9127334465195246,0.826060233558697,0.5192112096672847
Train Stats: (153288, 210) 0.6795900527112364 0.32040994728876365
Test Stats: (2274, 210) 0.951627088830255 0.048372911169744945
B3503,0.80508585146913,0.9331574318381706,0.9269828600235255,0.9947275922671354,2046,34,76,118,0.9836538461538461,0.9454713493530499,0.48877531141339314
Train Stats: (153448, 210) 0.6804976278609041 0.319502372139096
Test Stats: (2114, 210) 0.9063386944181646 0.09366130558183539
B3801,0.8056866169647047,0.8391674550614948,0.8532243099048945,0.9829867674858223,1636,60,138,280,0.964622641509434,0.8538622129436325,0.4029474148169696
Train Stats: (151425, 210) 0.6820340102360904 0.31796598976390955
Test Stats: (4137, 210) 0.7396664249456127 0.26033357505438726
B3901,0.8057322106653458,0.8087986463620981,0.8736959965044514,0.9719806763285024,2544,275,802,516,0.9024476764810216,0.8313725490196079,0.5425142773768442
Train Stats: (154592, 210) 0.6816200062098944 0.31837999379010556
Test Stats: (970, 210) 0.9938144329896907 0.006185567010309278
B3906,0.8061995446077417,0.7278350515463917,0.7404910096818811,1.0,702,2,4,262,0.9971590909090909,0.7282157676348547,0.06939925519321058
Train Stats: (152630, 210) 0.6863002031055494 0.31369979689445066
Test Stats: (2932, 210) 0.541268758526603 0.458731241473397
B4001,0.8077049072921444,0.7844474761255116,0.8759226334787997,0.91268758526603,1466,511,834,121,0.7415275670207385,0.923755513547574,0.5782393426188706
Train Stats: (154360, 210) 0.6824695516973309 0.3175304483026691
Test Stats: (1202, 210) 0.8244592346089851 0.17554076539101499
B4002,0.8063293599378077,0.7279534109816972,0.8247832387219574,0.9767441860465116,704,40,171,287,0.946236559139785,0.7103935418768921,0.40798722996044606
Train Stats: (155557, 210) 0.6835757953676145 0.3164242046323856
Test Stats: (5, 210) 0.4 0.6
B4402,0.8061160860649151,0.8,0.6666666666666667,0.5,2,1,2,0,0.6666666666666666,1.0,0.6666666666666666
Train Stats: (151352, 210) 0.6768526349172789 0.32314736508272107
Test Stats: (4210, 210) 0.9249406175771971 0.07505938242280286
B4403,0.8066560071885406,0.6391923990498812,0.7510857339756716,0.9772079772079773,2456,81,235,1438,0.9680725266062278,0.6307139188495121,0.20158189550286282
Train Stats: (154608, 210) 0.6834575183690366 0.3165424816309635
Test Stats: (954, 210) 0.7012578616352201 0.29874213836477986
B4501,0.8059544137431439,0.8197064989517819,0.8968557417459944,0.9874476987447699,567,70,215,102,0.8901098901098901,0.8475336322869955,0.5848905773041795
Train Stats: (152520, 210) 0.686801730920535 0.31319826907946496
Test Stats: (3042, 210) 0.5213675213675214 0.47863247863247865
B5101,0.807690794649882,0.7386587771203156,0.8071128902623228,0.8488830486202366,1183,392,1064,403,0.7511111111111111,0.7459016393442623,0.4765358249249371
Train Stats: (154751, 210) 0.6841700538284082 0.31582994617159177
Test Stats: (811, 210) 0.5684340320591862 0.4315659679408138
B5401,0.8069285497347352,0.7237977805178791,0.8031298419584754,0.896551724137931,410,173,177,51,0.7032590051457976,0.8893709327548807,0.4352848636290304
Train Stats: (150734, 210) 0.6853397375509175 0.3146602624490825
Test Stats: (4828, 210) 0.6282104391052196 0.37178956089478044
B5701,0.8077805936285112,0.6636288318144159,0.7662615592456975,0.8450704225352113,1811,402,1393,1222,0.8183461364663352,0.597098582261787,0.36192397413544075
Train Stats: (154289, 210) 0.6815586334735464 0.3184413665264536
Test Stats: (1273, 210) 0.9269442262372348 0.07305577376276512
C0401,0.8061559800115368,0.8366064414768264,0.6803991252050301,0.9592476489028213,1034,62,31,146,0.9434306569343066,0.8762711864406779,0.15764899660764156
Train Stats: (153834, 210) 0.6804607563997556 0.31953924360024444
Test Stats: (1728, 210) 0.9600694444444444 0.03993055555555555
C0501,0.8053486225411808,0.9496527777777778,0.8925841479501359,0.9976851851851852,1611,39,30,48,0.9763636363636363,0.9710669077757685,0.3827573136083261
Train Stats: (154245, 210) 0.6816817400888198 0.3183182599111803
Test Stats: (1317, 210) 0.9043280182232346 0.09567198177676538
C0602,0.8068657006710104,0.6545178435839029,0.7979289112790372,0.9878787878787879,760,24,102,431,0.9693877551020408,0.6381192275398825,0.2682571776406773
Train Stats: (154726, 210) 0.6819151273864767 0.31808487261352325
Test Stats: (836, 210) 0.9892344497607656 0.01076555023923445
C0702,0.8068391866913124,0.6483253588516746,0.7844954991266964,0.9952153110047847,536,3,6,291,0.9944341372912802,0.6481257557436517,0.06787747396666254
Train Stats: (154484, 210) 0.6816434064369126 0.31835659356308743
Test Stats: (1078, 210) 0.9591836734693877 0.04081632653061224
C0802,0.8057080344890085,0.9656771799628943,0.8797476701248461,1.0,1027,30,14,7,0.9716177861873226,0.9932301740812379,0.445835657046176
Train Stats: (154625, 210) 0.6817138237671787 0.31828617623282135
Test Stats: (937, 210) 0.9893276414087513 0.010672358591248666
C1203,0.806053354890865,0.8495197438633938,0.6963322545846818,0.9957446808510638,791,5,5,136,0.9937185929648241,0.8532901833872708,0.10153256248172057
Train Stats: (154487, 210) 0.681429505395276 0.31857049460472403
Test Stats: (1075, 210) 0.9906976744186047 0.009302325581395349
C1402,0.8064432605979791,0.7265116279069768,0.4900469483568075,0.9851301115241635,778,7,3,287,0.9910828025477707,0.7305164319248826,0.006600467998364844
Train Stats: (154584, 210) 0.6817264399937898 0.3182735600062102
Test Stats: (978, 210) 0.9744376278118609 0.02556237218813906
C1502,0.8059889768669461,0.8650306748466258,0.801678908709339,0.9959183673469387,832,11,14,121,0.9869513641755635,0.8730325288562435,0.19813276684433967
Training on whole dataset
