Reading Data
0
1
2
3
4
5
6
7
8
9
10
11
12
13
14
15
16
17
18
19
20
21
22
23
24
25
26
27
28
29
30
31
32
33
34
35
36
37
38
39
40
41
42
43
44
45
46
47
48
49
50
51
52
53
54
55
56
57
58
59
60
61
62
63
64
65
66
67
68
69
70
71
72
73
74
75
76
77
78
79
80
81
82
83
84
85
86
87
88
89
90
91
92
93
94
95
96
97
98
99
(2829535, 210) (2829535,) (2829535,) (2829535,)
(2829535, 210) (2829535,) (2829535,) (2829535,)
Total Num Samples: 2829535
Positive/Negative: 0.7246586453251153 0.27534135467488474
Num alleles: 99
output_label, train_acc, test_acc, auroc, pp1, tp, fp, tn, fn, precision, recall, mcc
155837
Train Stats: (2266345, 210) 0.7241765927076416 0.2758234072923584
Test Stats: (563190, 210) 0.7265984836378487 0.2734015163621513
0,0.8000066185863141,0.8052489733059548,0.8943392216313976,-1,16933,1735,8165,4335,0.907060209985001,0.7961726537521159,0.5898108523731099
Train Stats: (2262303, 210) 0.7255142215697897 0.27448577843021027
Test Stats: (567232, 210) 0.7212463330700666 0.2787536669299334
1,0.799669186665093,0.8064681724845996,0.8945817180327849,-1,16907,1777,8229,4255,0.904891886105759,0.798932048010585,0.5920046696337224
Train Stats: (2264386, 210) 0.725055268845506 0.27494473115449397
Test Stats: (565149, 210) 0.7230694914084604 0.27693050859153956
2,0.7990391214218777,0.8096704848076491,0.894613247300999,-1,16984,1716,8251,4216,0.908235294117647,0.8011320754716981,0.5987894089567193
Train Stats: (2262555, 210) 0.7245344312071972 0.2754655687928028
Test Stats: (566980, 210) 0.7251543264312674 0.2748456735687326
3,0.7986859987933995,0.8113068309429846,0.8967386039911862,-1,17055,1685,8231,4196,0.91008537886873,0.8025504682132606,0.6017762355242273
Train Stats: (2262551, 210) 0.7240132929600261 0.2759867070399739
Test Stats: (566984, 210) 0.7272339254723237 0.27276607452767626
4,0.799245630264246,0.807937883017294,0.8957970362665116,-1,17010,1622,8171,4364,0.9129454701588665,0.79582670534294,0.5966038174662744
