Reading Data
0
1
2
3
4
5
6
7
8
9
10
11
12
13
14
15
16
17
18
19
20
21
22
23
24
25
26
27
28
29
30
31
32
33
34
35
36
37
38
39
40
41
42
43
44
45
46
47
48
49
50
51
52
53
54
55
56
57
58
59
60
61
62
63
64
65
66
67
68
69
70
71
72
73
74
75
76
77
78
79
80
81
82
83
84
85
86
87
88
89
90
91
92
93
94
95
96
97
98
99
(2829535, 210) (2829535,) (2829535,) (2829535,)
(2829535, 210) (2829535,) (2829535,) (2829535,)
Total Num Samples: 2829535
Positive/Negative: 0.7246586453251153 0.27534135467488474
Num alleles: 99
output_label, train_acc, test_acc, auroc, pp1, tp, fp, tn, fn, precision, recall, mcc
Train Stats: (2804888, 210) 0.7223899849120535 0.27761001508794647
Test Stats: (24647, 210) 0.982837667870329 0.017162332129670953
C1502,0.7988351050024101,0.8972533062054934,0.873522766770942,-1,866,8,16,93,0.9908466819221968,0.9030239833159541,0.2800174206518905
Train Stats: (2806724, 210) 0.7225117254136851 0.27748827458631486
Test Stats: (22811, 210) 0.9888211827627023 0.011178817237297795
C1402,0.7994640727054032,0.7342007434944238,0.501072126087491,-1,767,50,23,236,0.9388004895960832,0.7647058823529411,0.04692609325800873
Train Stats: (2806980, 210) 0.7225177949255072 0.2774822050744929
Test Stats: (22555, 210) 0.9910884504544447 0.008911549545555309
C1203,0.7990797939422439,0.8690095846645367,0.7256800870511425,-1,810,14,6,109,0.9830097087378641,0.8813928182807399,0.07988777323371402
Train Stats: (2796049, 210) 0.7217666786240156 0.27823332137598444
Test Stats: (33486, 210) 0.9661351012363376 0.03386489876366243
C0802,0.7984702700131507,0.9629972247918593,0.8938668346985927,-1,1033,38,8,2,0.9645191409897292,0.9980676328502416,0.3626051832689369
Train Stats: (2808686, 210) 0.7226710283741222 0.2773289716258777
Test Stats: (20849, 210) 0.9924216988824404 0.007578301117559595
C0702,0.7998298848643102,0.6424314660309892,0.8409090909090909,-1,529,1,10,299,0.9981132075471698,0.6388888888888888,0.12922867289236534
Train Stats: (2798202, 210) 0.7223488511551346 0.27765114884486536
Test Stats: (31333, 210) 0.9309354354833562 0.06906456451664379
C0602,0.8000812664703978,0.7310606060606061,0.8229316870944485,-1,849,36,116,319,0.9593220338983051,0.7268835616438356,0.3327819585711275
Train Stats: (2796502, 210) 0.7216590583521842 0.27834094164781575
Test Stats: (33033, 210) 0.9785971604153423 0.021402839584657767
C0501,0.7980884690946046,0.9306759098786829,0.8772553092714555,-1,1559,110,52,10,0.9340922708208508,0.9936265137029955,0.493086647550819
Train Stats: (2796917, 210) 0.7221376251065011 0.2778623748934988
Test Stats: (32618, 210) 0.9408302164449077 0.05916978355509228
C0401,0.7993204660703196,0.8569182389937107,0.6780749782040104,-1,1057,92,33,90,0.9199303742384682,0.9215344376634699,0.18687391221479427
Train Stats: (2777986, 210) 0.726983145343425 0.27301685465657494
Test Stats: (51549, 210) 0.5993908708219364 0.40060912917806357
B5701,0.8001793385567818,0.7367330016583747,0.8362816262922803,-1,1799,358,1755,912,0.8340287436254057,0.6635927701954998,0.4931173405717558
Train Stats: (2812496, 210) 0.7256852987524249 0.2743147012475751
Test Stats: (17039, 210) 0.5551969012265978 0.4448030987734022
B5401,0.800070826767398,0.7426108374384236,0.84420866489832,-1,405,179,198,30,0.6934931506849316,0.9310344827586207,0.5063240461496861
Train Stats: (2787897, 210) 0.7266487965660138 0.2733512034339863
Test Stats: (41638, 210) 0.591406887938902 0.40859311206109805
B5101,0.7997547972539875,0.7783997365821534,0.8504200161794409,-1,1389,381,975,292,0.7847457627118644,0.8262938726948245,0.5497820071514322
Train Stats: (2800260, 210) 0.7243963060572947 0.27560369394270534
Test Stats: (29275, 210) 0.7497523484201537 0.2502476515798463
B4501,0.799298993664874,0.8858638743455497,0.951888111888112,-1,633,27,213,82,0.9590909090909091,0.8853146853146853,0.725522745120896
Train Stats: (2747425, 210) 0.7186514645531725 0.2813485354468275
Test Stats: (82110, 210) 0.9256606990622336 0.07433930093776642
B4403,0.8004254893218196,0.5454329210275928,0.7634978991596639,-1,2019,66,274,1845,0.9683453237410072,0.5225155279503105,0.17907701862540806
Train Stats: (2829517, 210) 0.7246604279104879 0.2753395720895121
Test Stats: (18, 210) 0.4444444444444444 0.5555555555555556
B4402,0.7990731280285646,0.8888888888888888,0.9,-1,7,1,9,1,0.875,0.875,0.775
Train Stats: (2815436, 210) 0.7239727701144689 0.2760272298855311
Test Stats: (14099, 210) 0.8616213915880558 0.1383786084119441
B4002,0.7994062020944536,0.6217788861180382,0.8214339516053102,-1,564,31,184,424,0.9478991596638655,0.5708502024291497,0.3269441636135373
Train Stats: (2780115, 210) 0.7261023374932332 0.2738976625067668
Test Stats: (49420, 210) 0.6434439498178874 0.3565560501821125
B4001,0.8001611444130908,0.8411342671677485,0.9083712909150254,-1,1617,320,845,145,0.8347960764068146,0.9177071509648127,0.6652947453336695
Train Stats: (2805880, 210) 0.7223958259084494 0.2776041740915506
Test Stats: (23655, 210) 0.9930670048615514 0.006932995138448531
B3906,0.7995580709082356,0.7675619834710744,0.6257961783439491,-1,731,14,12,211,0.9812080536912752,0.7760084925690022,0.09120759907669931
Train Stats: (2758642, 210) 0.7226972546637077 0.2773027453362923
Test Stats: (70893, 210) 0.8009817612458212 0.19901823875417884
B3901,0.7987034925155203,0.8985752233759962,0.9501390224554882,-1,2973,164,748,256,0.9477207523111253,0.9207184886961908,0.7164128401558029
Train Stats: (2766358, 210) 0.7202946979385892 0.2797053020614107
Test Stats: (63177, 210) 0.9157446539088593 0.08425534609114076
B3801,0.7983178605227523,0.8985370457763096,0.9112231588670263,-1,1754,56,150,159,0.969060773480663,0.9168844746471511,0.5414509124449884
Train Stats: (2786951, 210) 0.721189572403677 0.278810427596323
Test Stats: (42584, 210) 0.951695472477926 0.048304527522074016
B3503,0.7983362463136238,0.9358805445761967,0.952319422766932,-1,1995,51,136,95,0.9750733137829912,0.9545454545454546,0.6200171749055791
Train Stats: (2768345, 210) 0.7225331380301226 0.2774668619698773
Test Stats: (61190, 210) 0.8208203954894591 0.17917960451054094
B3501,0.7990875414733352,0.854210898796886,0.9011571071614118,-1,2984,193,637,425,0.9392508655964746,0.8753300088002347,0.588650440913842
Train Stats: (2753050, 210) 0.7279384682443109 0.27206153175568915
Test Stats: (76485, 210) 0.6066026018173498 0.3933973981826502
B2705,0.7994885672254409,0.7862682481751825,0.8551185131176688,-1,2059,466,1388,471,0.8154455445544554,0.8138339920948616,0.5622845031891386
Train Stats: (2807583, 210) 0.7225866519351343 0.2774133480648658
Test Stats: (21952, 210) 0.9896592565597667 0.010340743440233236
B2704,0.7990299841536297,0.7889400921658987,0.499564175201569,-1,850,20,6,209,0.9770114942528736,0.8026440037771483,0.01281959535376665
Train Stats: (2810679, 210) 0.7267699370863766 0.27323006291362334
Test Stats: (18856, 210) 0.4099490878235045 0.5900509121764955
B1801,0.7988496729793761,0.8487179487179487,0.913073739480188,-1,922,233,1726,239,0.7982683982683982,0.7941429801894918,0.6759219420696958
Train Stats: (2705573, 210) 0.7239290900670579 0.27607090993294214
Test Stats: (123962, 210) 0.7405817911940756 0.2594182088059244
B1501,0.8031733019216262,0.6325431034482759,0.7505451182208995,-1,2349,363,1173,1683,0.8661504424778761,0.5825892857142857,0.3096247763740221
Train Stats: (2824856, 210) 0.7243813489961967 0.2756186510038034
Test Stats: (4679, 210) 0.8920709553323359 0.10792904466766404
B1402,0.7992672900848751,0.6441441441441441,0.8102938692788381,-1,235,11,51,147,0.9552845528455285,0.6151832460732984,0.3052581821662192
Train Stats: (2776503, 210) 0.7239624808617171 0.27603751913828295
Test Stats: (53032, 210) 0.7611065017348017 0.23889349826519837
B0801,0.8007608851854293,0.5546891032218346,0.8616437031419395,-1,1610,73,1093,2097,0.9566250742721331,0.4343134610196925,0.33352088944624936
Train Stats: (2697033, 210) 0.7191940180190602 0.2808059819809398
Test Stats: (132502, 210) 0.8358892695959306 0.16411073040406937
B0702,0.8016516668502017,0.33650482720022384,0.499579427111674,-1,1520,341,885,4401,0.8167651800107469,0.25671339300793783,-0.018406251641021897
Train Stats: (2770791, 210) 0.7289102642530598 0.2710897357469401
Test Stats: (58744, 210) 0.5241216124199918 0.47587838758000817
A6802,0.8000913818472776,0.7363844393592678,0.8471668933867621,-1,701,150,908,426,0.8237367802585194,0.6220053238686779,0.49216409196257177
Train Stats: (2790238, 210) 0.7231404632866444 0.2768595367133556
Test Stats: (39297, 210) 0.8324554037203857 0.1675445962796142
A6801,0.8005080570187919,0.5816601117780997,0.8469247113702199,-1,2067,79,743,1942,0.9631873252562908,0.5155899226739835,0.3172350468050482
Train Stats: (2810953, 210) 0.7240149515128855 0.2759850484871145
Test Stats: (18582, 210) 0.8220320740501561 0.17796792594984392
A3201,0.8000589124044408,0.5210727969348659,0.815075639019301,-1,278,14,130,361,0.952054794520548,0.4350547730829421,0.2706456154443011
Train Stats: (2773813, 210) 0.728792820568654 0.2712071794313459
Test Stats: (55722, 210) 0.5188614909730448 0.48113850902695526
A3101,0.8002453662161075,0.6224687933425798,0.8175010065267255,-1,576,149,1668,1212,0.7944827586206896,0.3221476510067114,0.2995493247157529
Train Stats: (2781740, 210) 0.725253618238944 0.27474638176105604
Test Stats: (47795, 210) 0.6900303379014541 0.3099696620985459
A2902,0.8010058452623179,0.6598915989159891,0.7554529084643485,-1,918,185,543,568,0.8322756119673618,0.6177658142664872,0.341670789946235
Train Stats: (2815975, 210) 0.7258878363621836 0.2741121636378164
Test Stats: (13560, 210) 0.4693952802359882 0.5306047197640118
A2601,0.7990443807207095,0.8193685488767456,0.8926085186412106,-1,865,297,1834,298,0.7444061962134251,0.7437661220980224,0.6045131243381963
Train Stats: (2761726, 210) 0.7252395784375423 0.27476042156245767
Test Stats: (67809, 210) 0.7009983925437626 0.2990016074562374
A2402,0.8018384155415852,0.5177118238391575,0.7590117336369531,-1,1144,163,1019,1852,0.8752869166029075,0.3818424566088118,0.23697871060458423
Train Stats: (2771175, 210) 0.7267238626214512 0.27327613737854883
Test Stats: (58360, 210) 0.6265935572309801 0.37340644276901985
A2301,0.8005604120995606,0.6148525664361121,0.8115157097123687,-1,738,125,951,933,0.8551564310544612,0.44165170556552963,0.34227387946287374
Train Stats: (2801389, 210) 0.7264896092616913 0.27351039073830874
Test Stats: (28146, 210) 0.5424216584949904 0.4575783415050096
A1101,0.7990014953296383,0.840624129283923,0.9387804196420871,-1,1334,480,1683,92,0.7353914002205072,0.9354838709677419,0.6984039740335454
Train Stats: (2631536, 210) 0.721153729228861 0.278846270771139
Test Stats: (197999, 210) 0.7712412688952974 0.22875873110470255
A0301,0.7989892595047151,0.7405783360986016,0.8485428112272035,-1,4661,378,1588,1811,0.9249851160944632,0.7201792336217553,0.4550128774072735
Train Stats: (2777683, 210) 0.7195551112203948 0.28044488877960516
Test Stats: (51852, 210) 0.9980521484224331 0.0019478515775669212
A0207,0.7996517241168268,0.6620718462823726,0.9721814752724225,-1,1577,0,8,809,1.0,0.6609388097233864,0.08044787784598796
Train Stats: (2760421, 210) 0.7235526754795736 0.2764473245204264
Test Stats: (69114, 210) 0.7688312064125937 0.2311687935874063
A0206,0.7986126029326686,0.7944066515495087,0.924440145444044,-1,1561,53,541,491,0.9671623296158612,0.7607212475633528,0.5744252155541406
Train Stats: (2772461, 210) 0.7284253953437037 0.27157460465629635
Test Stats: (57074, 210) 0.5416827276868627 0.45831727231313735
A0203,0.7981515339620647,0.8753434065934066,0.9482894295242108,-1,1386,154,1163,209,0.9,0.8689655172413793,0.749847189934461
Train Stats: (2621764, 210) 0.7202093704849102 0.2797906295150898
Test Stats: (207771, 210) 0.7808019405980623 0.2191980594019377
A0201,0.7973231000196814,0.8533209553548823,0.9101640676870323,-1,7918,592,2193,1146,0.9304347826086956,0.8735657546337158,0.6230171278543255
Train Stats: (2739202, 210) 0.726375053756532 0.273624946243468
Test Stats: (90333, 210) 0.6726113380492179 0.3273886619507821
A0101,0.8042944624018236,0.4314937140421905,0.7339632895775564,-1,426,66,1599,2602,0.8658536585365854,0.1406869220607662,0.15781591593042502
