Reading Data
0
1
2
3
4
5
6
7
8
9
10
11
12
13
14
15
16
17
18
19
20
21
22
23
24
25
26
27
28
29
30
31
32
33
34
35
36
37
38
39
40
41
42
43
44
45
46
47
48
49
50
51
52
53
54
55
56
57
58
59
60
61
62
63
64
65
66
67
68
69
70
71
72
73
74
75
76
77
78
79
80
81
82
83
84
85
86
87
88
89
90
91
92
93
94
95
96
97
98
99
(2829535, 210) (2829535,) (2829535,) (2829535,)
(2829535, 210) (2829535,) (2829535,) (2829535,)
Total Num Samples: 2829535
Positive/Negative: 0.7246586453251153 0.27534135467488474
Num alleles: 99
output_label, train_acc, test_acc, auroc, pp1, tp, fp, tn, fn, precision, recall, mcc
Train Stats: (2804888, 210) 0.7223899849120535 0.27761001508794647
Test Stats: (24647, 210) 0.982837667870329 0.017162332129670953
C1502,0.9362847999634923,0.7009155645981688,0.8567952728536671,-1,669,4,20,290,0.9940564635958395,0.6976016684045881,0.17634692957007658
Train Stats: (2806724, 210) 0.7225117254136851 0.27748827458631486
Test Stats: (22811, 210) 0.9888211827627023 0.011178817237297795
C1402,0.93546533253715,0.9135687732342007,0.6113850230131523,-1,967,57,16,36,0.9443359375,0.9641076769690927,0.21492600645351156
Train Stats: (2806980, 210) 0.7225177949255072 0.2774822050744929
Test Stats: (22555, 210) 0.9910884504544447 0.008911549545555309
C1203,0.9351537951820106,0.9787007454739084,0.8428182807399347,-1,911,12,8,8,0.9869989165763814,0.9912948857453754,0.4365319981626511
Train Stats: (2796049, 210) 0.7217666786240156 0.27823332137598444
Test Stats: (33486, 210) 0.9661351012363376 0.03386489876366243
C0802,0.935410287874068,0.9602220166512488,0.9216131064902332,-1,1034,42,4,1,0.9609665427509294,0.9990338164251208,0.2558041640451412
Train Stats: (2808686, 210) 0.7226710283741222 0.2773289716258777
Test Stats: (20849, 210) 0.9924216988824404 0.007578301117559595
C0702,0.934595038391618,0.9284862932061978,0.9434563021519543,-1,772,4,7,56,0.9948453608247423,0.9323671497584541,0.24548056456428707
Train Stats: (2798202, 210) 0.7223488511551346 0.27765114884486536
Test Stats: (31333, 210) 0.9309354354833562 0.06906456451664379
C0602,0.9357526726090539,0.9287878787878788,0.9383843276856526,-1,1156,82,70,12,0.9337641357027464,0.9897260273972602,0.5954316948870645
Train Stats: (2796502, 210) 0.7216590583521842 0.27834094164781575
Test Stats: (33033, 210) 0.9785971604153423 0.021402839584657767
C0501,0.9350828284764323,0.9422299248989023,0.901757823257717,-1,1564,95,67,5,0.9427365883062085,0.9968132568514978,0.5986596885793681
Train Stats: (2796917, 210) 0.7221376251065011 0.2778623748934988
Test Stats: (32618, 210) 0.9408302164449077 0.05916978355509228
C0401,0.9360924904099764,0.8875786163522013,0.7206068003487357,-1,1103,99,26,44,0.9176372712146422,0.9616390584132519,0.22144267286462208
Train Stats: (2777986, 210) 0.726983145343425 0.27301685465657494
Test Stats: (51549, 210) 0.5993908708219364 0.40060912917806357
B5701,0.93670882430653,0.6179519071310116,0.9126155678876074,-1,905,37,2076,1806,0.9607218683651805,0.33382515676872004,0.3958953516341536
Train Stats: (2812496, 210) 0.7256852987524249 0.2743147012475751
Test Stats: (17039, 210) 0.5551969012265978 0.4448030987734022
B5401,0.9358256865076431,0.8017241379310345,0.8804780633555901,-1,409,135,242,26,0.7518382352941176,0.9402298850574713,0.617412864123452
Train Stats: (2787897, 210) 0.7266487965660138 0.2733512034339863
Test Stats: (41638, 210) 0.591406887938902 0.40859311206109805
B5101,0.9361034500198536,0.774119196575568,0.9034473878626115,-1,1100,105,1251,581,0.9128630705394191,0.6543723973825104,0.5862558197433876
Train Stats: (2800260, 210) 0.7243963060572947 0.27560369394270534
Test Stats: (29275, 210) 0.7497523484201537 0.2502476515798463
B4501,0.9353424324884118,0.9727748691099476,0.994032634032634,-1,712,23,217,3,0.9687074829931973,0.9958041958041958,0.9271117403034985
Train Stats: (2747425, 210) 0.7186514645531725 0.2813485354468275
Test Stats: (82110, 210) 0.9256606990622336 0.07433930093776642
B4403,0.9359105344094926,0.560418648905804,0.8396541225185726,-1,2047,31,309,1817,0.9850818094321463,0.5297619047619048,0.23917061482410165
Train Stats: (2829517, 210) 0.7246604279104879 0.2753395720895121
Test Stats: (18, 210) 0.4444444444444444 0.5555555555555556
