Reading Data
0
1
2
3
4
5
6
7
8
9
10
11
12
13
14
15
16
17
18
19
20
21
22
23
24
25
26
27
28
29
30
31
32
33
34
35
36
37
38
39
40
41
42
43
44
45
46
47
48
49
50
51
52
53
54
55
56
57
58
59
60
61
62
63
64
65
66
67
68
69
70
71
72
73
74
75
76
77
78
79
80
81
82
83
84
85
86
87
88
89
90
91
92
93
94
95
96
97
98
99
(2829535, 210) (2829535,) (2829535,) (2829535,)
(2829535, 210) (2829535,) (2829535,) (2829535,)
Total Num Samples: 2829535
Positive/Negative: 0.7246586453251153 0.27534135467488474
Num alleles: 99
output_label, train_acc, test_acc, auroc, pp1, tp, fp, tn, fn, precision, recall, mcc
Train Stats: (2739202, 210) 0.726375053756532 0.273624946243468
Test Stats: (90333, 210) 0.6726113380492179 0.3273886619507821
A0101,0.9370783899836522,0.4385254634562114,0.845925317655833,-1,410,17,1648,2618,0.9601873536299765,0.13540290620871862,0.2082762181601288
Train Stats: (2621764, 210) 0.7202093704849102 0.2797906295150898
Test Stats: (207771, 210) 0.7808019405980623 0.2191980594019377
A0201,0.9367139834096433,0.9460713984302472,0.9790669898158875,-1,8716,291,2494,348,0.9676917952703453,0.9616063548102383,0.8511597102607031
Train Stats: (2772461, 210) 0.7284253953437037 0.27157460465629635
Test Stats: (57074, 210) 0.5416827276868627 0.45831727231313735
A0203,0.935371498462918,0.9646291208791209,0.9935609333457106,-1,1553,61,1256,42,0.9622057001239157,0.9736677115987461,0.928598435431266
Train Stats: (2760421, 210) 0.7235526754795736 0.2764473245204264
Test Stats: (69114, 210) 0.7688312064125937 0.2311687935874063
A0206,0.9361166285867264,0.81859410430839,0.9720548565577806,-1,1587,15,579,465,0.9906367041198502,0.7733918128654971,0.6386793244972301
Train Stats: (2777683, 210) 0.7195551112203948 0.28044488877960516
Test Stats: (51852, 210) 0.9980521484224331 0.0019478515775669212
A0207,0.9352881520317473,0.9197994987468672,0.9627514668901929,-1,2195,1,7,191,0.9995446265938069,0.9199497066219614,0.1665601501010534
Train Stats: (2631536, 210) 0.721153729228861 0.278846270771139
Test Stats: (197999, 210) 0.7712412688952974 0.22875873110470255
A0301,0.9368919900772781,0.8548234178715335,0.9635973163055,-1,5354,107,1859,1118,0.9804065189525728,0.8272558714462299,0.6837067048535728
Train Stats: (2801389, 210) 0.7264896092616913 0.27351039073830874
Test Stats: (28146, 210) 0.5424216584949904 0.4575783415050096
A1101,0.9343839788048001,0.9726943438283644,0.9935103250575956,-1,1397,69,2094,29,0.9529331514324693,0.979663394109397,0.9435086963460118
Train Stats: (2771175, 210) 0.7267238626214512 0.27327613737854883
Test Stats: (58360, 210) 0.6265935572309801 0.37340644276901985
A2301,0.9356807130549316,0.874408445576993,0.982610639845695,-1,1344,18,1058,327,0.986784140969163,0.8043087971274686,0.768910327887309
Train Stats: (2761726, 210) 0.7252395784375423 0.27476042156245767
Test Stats: (67809, 210) 0.7009983925437626 0.2990016074562374
A2402,0.9359436815962192,0.8647678314983246,0.9732248751296146,-1,2458,27,1155,538,0.9891348088531187,0.8204272363150867,0.7317533600750487
Train Stats: (2815975, 210) 0.7258878363621836 0.2741121636378164
Test Stats: (13560, 210) 0.4693952802359882 0.5306047197640118
A2601,0.9353144115270909,0.8327261687917425,0.9477257678789098,-1,675,63,2068,488,0.9146341463414634,0.5803955288048152,0.6313818514798248
Train Stats: (2781740, 210) 0.725253618238944 0.27474638176105604
Test Stats: (47795, 210) 0.6900303379014541 0.3099696620985459
A2902,0.9364566781942237,0.7411924119241192,0.8530996258116043,-1,1026,113,615,460,0.9007901668129938,0.6904441453566622,0.5030890628790107
Train Stats: (2773813, 210) 0.728792820568654 0.2712071794313459
Test Stats: (55722, 210) 0.5188614909730448 0.48113850902695526
A3101,0.9357786555906977,0.5744798890429959,0.9078557102385005,-1,272,18,1799,1516,0.9379310344827586,0.15212527964205816,0.2614433435378165
Train Stats: (2810953, 210) 0.7240149515128855 0.2759850484871145
Test Stats: (18582, 210) 0.8220320740501561 0.17796792594984392
A3201,0.9361120587928721,0.5044699872286079,0.9205246913580246,-1,255,4,140,384,0.9845559845559846,0.39906103286384975,0.3057183539120881
Train Stats: (2790238, 210) 0.7231404632866444 0.2768595367133556
Test Stats: (39297, 210) 0.8324554037203857 0.1675445962796142
A6801,0.9348453429420716,0.7157938315048644,0.9355874464935645,-1,2689,53,769,1320,0.9806710430342815,0.6707408331254677,0.4598463404372159
Train Stats: (2770791, 210) 0.7289102642530598 0.2710897357469401
Test Stats: (58744, 210) 0.5241216124199918 0.47587838758000817
A6802,0.9370547977093906,0.6814645308924485,0.9409375980194001,-1,432,1,1057,695,0.9976905311778291,0.38331854480922806,0.4793816722281157
Train Stats: (2697033, 210) 0.7191940180190602 0.2808059819809398
Test Stats: (132502, 210) 0.8358892695959306 0.16411073040406937
B0702,0.9356003430436335,0.41485938155869595,0.7389719121229963,-1,1872,133,1093,4049,0.9336658354114713,0.3161628103360919,0.17426657229376616
Train Stats: (2776503, 210) 0.7239624808617171 0.27603751913828295
Test Stats: (53032, 210) 0.7611065017348017 0.23889349826519837
B0801,0.936558325346668,0.5565360147752925,0.9039770384803493,-1,1580,34,1132,2127,0.9789343246592317,0.42622066360938765,0.35993494430122575
Train Stats: (2824856, 210) 0.7243813489961967 0.2756186510038034
Test Stats: (4679, 210) 0.8920709553323359 0.10792904466766404
B1402,0.9351428886994594,0.954954954954955,0.9609018746833305,-1,375,13,49,7,0.9664948453608248,0.981675392670157,0.8059977141244533
Train Stats: (2705573, 210) 0.7239290900670579 0.27607090993294214
Test Stats: (123962, 210) 0.7405817911940756 0.2594182088059244
B1501,0.9368300171534828,0.6226652298850575,0.8926586978649966,-1,2010,79,1457,2022,0.9621828626136908,0.49851190476190477,0.41270934393495984
Train Stats: (2810679, 210) 0.7267699370863766 0.27323006291362334
Test Stats: (18856, 210) 0.4099490878235045 0.5900509121764955
B1801,0.9357817096865206,0.9076923076923077,0.9680438656541794,-1,1000,127,1832,161,0.8873114463176575,0.8613264427217916,0.8014973842254179
Train Stats: (2807583, 210) 0.7225866519351343 0.2774133480648658
Test Stats: (21952, 210) 0.9896592565597667 0.010340743440233236
B2704,0.9353507981776497,0.8626728110599078,0.6545725285102055,-1,926,16,10,133,0.9830148619957537,0.874409820585458,0.11710709567071977
Train Stats: (2753050, 210) 0.7279384682443109 0.27206153175568915
Test Stats: (76485, 210) 0.6066026018173498 0.3933973981826502
B2705,0.9358540527778282,0.8275547445255474,0.9392540858138156,-1,1892,118,1736,638,0.9412935323383085,0.7478260869565218,0.6783394285099225
Train Stats: (2768345, 210) 0.7225331380301226 0.2774668619698773
Test Stats: (61190, 210) 0.8208203954894591 0.17917960451054094
B3501,0.9357887113058524,0.8848785090823308,0.9598126150833901,-1,2996,75,755,413,0.9755779876261804,0.8788501026694046,0.7003040971181995
Train Stats: (2786951, 210) 0.721189572403677 0.278810427596323
Test Stats: (42584, 210) 0.951695472477926 0.048304527522074016
B3503,0.9352514629787176,0.9148001756697409,0.9695263925491902,-1,1910,14,173,180,0.9927234927234927,0.9138755980861244,0.6364595806494174
Train Stats: (2766358, 210) 0.7202946979385892 0.2797053020614107
Test Stats: (63177, 210) 0.9157446539088593 0.08425534609114076
B3801,0.9348468274894284,0.9660217083529967,0.9863072792695862,-1,1854,13,193,59,0.9930369576861274,0.9691583899634083,0.8292234868414987
Train Stats: (2758642, 210) 0.7226972546637077 0.2773027453362923
Test Stats: (70893, 210) 0.8009817612458212 0.19901823875417884
B3901,0.9356513095936334,0.9613619898575223,0.9880703520181687,-1,3173,104,808,56,0.9682636557827281,0.9826571694022918,0.8858643309986223
Train Stats: (2805880, 210) 0.7223958259084494 0.2776041740915506
Test Stats: (23655, 210) 0.9930670048615514 0.006932995138448531
B3906,0.9351023564799635,0.9111570247933884,0.7299934672546138,-1,870,14,12,72,0.9841628959276018,0.9235668789808917,0.22116983358717923
Train Stats: (2780115, 210) 0.7261023374932332 0.2738976625067668
Test Stats: (49420, 210) 0.6434439498178874 0.3565560501821125
B4001,0.9362979588973838,0.9019473864024599,0.9639933162179146,-1,1554,79,1086,208,0.9516227801592162,0.8819523269012486,0.8024267538570847
Train Stats: (2815436, 210) 0.7239727701144689 0.2760272298855311
Test Stats: (14099, 210) 0.8616213915880558 0.1383786084119441
B4002,0.9358376464604417,0.7290108063175395,0.9555597401374636,-1,669,7,208,319,0.9896449704142012,0.6771255060728745,0.4977225995621733
Train Stats: (2829517, 210) 0.7246604279104879 0.2753395720895121
Test Stats: (18, 210) 0.4444444444444444 0.5555555555555556
