Reading Data
(155562, 210) (155562,) (155562,) (155562,)
Total Num Samples: 155562
Positive/Negative: 0.6835666808089379 0.3164333191910621
Num alleles: 99
output_label, train_acc, test_acc, auroc, pp1, tp, fp, tn, fn, precision, recall, mcc
Train Stats: (150860, 210) 0.6882937823147289 0.3117062176852711
Test Stats: (4702, 210) 0.531901318587835 0.46809868141216504
A0101,0.9999204560519687,0.5931518502764781,0.86836669239619,0.5952380952380952,642,54,2147,1859,0.9224137931034483,0.2566973210715714,0.32621191255784465
Train Stats: (143672, 210) 0.6813992984019155 0.3186007015980845
Test Stats: (11890, 210) 0.7097560975609756 0.29024390243902437
A0201,0.9999791191046272,0.931959629941127,0.9746420259266658,0.9949545913218971,8050,420,3031,389,0.9504132231404959,0.9539044910534423,0.8344325920480536
Train Stats: (152652, 210) 0.688533396221471 0.3114666037785289
Test Stats: (2910, 210) 0.42302405498281787 0.5769759450171821
A0203,0.9998886355894453,0.9580756013745705,0.9912654480322461,0.9958791208791209,1179,70,1609,52,0.9439551641313051,0.9577579203899269,0.9143559829395037
Train Stats: (152918, 210) 0.6825618959180737 0.31743810408192624
Test Stats: (2644, 210) 0.7416792738275341 0.258320726172466
A0206,0.9999280660223127,0.8835098335854765,0.9740600569076492,0.9954614220877458,1682,29,654,279,0.9830508474576272,0.8577256501784803,0.7467626821238181
Train Stats: (153150, 210) 0.6787463271302644 0.32125367286973555
Test Stats: (2412, 210) 0.9896351575456053 0.010364842454394693
A0207,0.9999412340842312,0.9096185737976783,0.9630666108085464,1.0,2172,3,22,215,0.9986206896551724,0.9099287808965228,0.2687697254866082
Train Stats: (147115, 210) 0.6801413859905516 0.31985861400944837
Test Stats: (8447, 210) 0.7432224458387593 0.25677755416124065
A0301,0.9999660129830404,0.8926246004498638,0.9543636761802285,0.9900568181818182,5601,230,1939,677,0.9605556508317613,0.8921631092704683,0.742746814595924
Train Stats: (151971, 210) 0.6873482440728823 0.3126517559271177
Test Stats: (3591, 210) 0.5235310498468393 0.47646895015316065
A1101,0.9999276177691796,0.9465329991645781,0.9843882512404094,0.9922048997772829,1815,127,1584,65,0.9346035015447992,0.9654255319148937,0.8931905794798631
Train Stats: (152815, 210) 0.6843765337172398 0.3156234662827602
Test Stats: (2747, 210) 0.6385147433563888 0.3614852566436112
A2301,0.9999411052579917,0.9264652348016017,0.9800479066119622,0.9941775836972343,1616,64,929,138,0.9619047619047619,0.9213226909920182,0.8446334622081194
Train Stats: (151709, 210) 0.6811329584929042 0.3188670415070958
Test Stats: (3853, 210) 0.7793926810277706 0.22060731897222943
A2402,0.9999274927657555,0.8811315857773164,0.9686658439599616,0.9979253112033195,2596,51,799,407,0.9807329051756706,0.8644688644688645,0.7193591044824273
Train Stats: (152268, 210) 0.6910513042792971 0.308948695720703
Test Stats: (3294, 210) 0.33758348512446873 0.6624165148755312
A2601,0.9999277589513227,0.7856709168184578,0.9202859069298182,0.6274271844660194,448,42,2140,664,0.9142857142857143,0.4028776978417266,0.5098054730672632
Train Stats: (153348, 210) 0.6840976080548817 0.31590239194511827
Test Stats: (2214, 210) 0.6467931345980127 0.35320686540198737
A2902,0.9999413099616559,0.6901535682023487,0.8323334738316022,0.9314079422382672,856,110,672,576,0.8861283643892339,0.5977653631284916,0.44054536095888497
Train Stats: (151959, 210) 0.6831316341908015 0.3168683658091985
Test Stats: (3603, 210) 0.7019150707743547 0.2980849292256453
A3101,0.9999210313308194,0.5353871773522065,0.9033019579948942,0.9689234184239733,886,31,1043,1643,0.9661941112322792,0.35033610122578096,0.337584184188723
Train Stats: (154779, 210) 0.6828704152372091 0.3171295847627908
Test Stats: (783, 210) 0.8212005108556832 0.17879948914431673
A3201,0.9998901659785888,0.565772669220945,0.8964230171073094,0.9948979591836735,312,9,131,331,0.9719626168224299,0.48522550544323484,0.3279563026545401
Train Stats: (150731, 210) 0.6767022045896331 0.3232977954103668
Test Stats: (4831, 210) 0.8977437383564479 0.10225626164355206
A6801,0.9999336566466088,0.7629890291865038,0.9469413454887283,0.9991721854304636,3222,30,464,1115,0.9907749077490775,0.7429098455153332,0.44064772821892895
Train Stats: (153382, 210) 0.6863452034788958 0.3136547965211042
Test Stats: (2180, 210) 0.48807339449541287 0.5119266055045871
A6802,0.9999543623110926,0.7362385321100917,0.9273039790336056,0.9412844036697248,511,22,1094,553,0.9587242026266416,0.48026315789473684,0.5356353066216677
Train Stats: (148399, 210) 0.6793778933820309 0.32062210661796914
Test Stats: (7163, 210) 0.770347619712411 0.229652380287589
B0702,0.9999460912809386,0.5489320117269301,0.7469824095995311,0.9246231155778895,2585,298,1347,2933,0.8966354491848768,0.4684668358100761,0.24642404812719323
Train Stats: (150688, 210) 0.6827750053089828 0.3172249946910172
Test Stats: (4874, 210) 0.7080426754205991 0.2919573245794009
B0801,0.9999535464005097,0.6153057037340993,0.8773889568913081,0.9639048400328137,1654,78,1345,1797,0.9549653579676675,0.4792813677195016,0.4032203433592781
Train Stats: (155118, 210) 0.6829961706571771 0.3170038293428229
Test Stats: (444, 210) 0.8828828828828829 0.11711711711711711
B1402,0.9998968527185755,0.9414414414414415,0.9741463893249608,1.0,376,10,42,16,0.9740932642487047,0.9591836734693877,0.73174909153377
Train Stats: (149979, 210) 0.6822821861727308 0.31771781382726916
Test Stats: (5583, 210) 0.7180727207594483 0.28192727924055166
B1501,0.9999266563985625,0.676697116245746,0.8865668510146959,0.9684813753581661,2346,142,1432,1663,0.9429260450160771,0.585183337490646,0.4480654010774578
Train Stats: (152442, 210) 0.6877566549900946 0.3122433450099054
Test Stats: (3120, 210) 0.47884615384615387 0.5211538461538462
B1801,0.9999081617926818,0.8791666666666667,0.9552321627633947,0.9782051282051282,1238,121,1505,256,0.9109639440765268,0.8286479250334672,0.7598908612724198
Train Stats: (154472, 210) 0.6814050442798695 0.3185949557201305
Test Stats: (1090, 210) 0.9899082568807339 0.010091743119266056
B2704,0.9998770003625252,0.863302752293578,0.7497683039851715,0.9926739926739927,934,4,7,145,0.9957356076759062,0.865616311399444,0.14483389851226985
Train Stats: (151169, 210) 0.6831757833947436 0.3168242166052564
Test Stats: (4393, 210) 0.6970179831550194 0.30298201684498066
B2705,0.9999470790969048,0.8818575005690872,0.9538076349483576,0.9954504094631483,2692,149,1182,370,0.947553678282295,0.8791639451338994,0.7376136611231707
Train Stats: (151320, 210) 0.6812252180808882 0.3187747819191118
Test Stats: (4242, 210) 0.7670909948137671 0.23290900518623292
B3501,0.9999537404176579,0.8814238566713815,0.9502639541741214,0.9943449575871819,2848,97,891,406,0.967062818336163,0.8752304855562385,0.7128938793216665
Train Stats: (153288, 210) 0.6795900527112364 0.32040994728876365
Test Stats: (2274, 210) 0.951627088830255 0.048372911169744945
B3503,0.9998890976462607,0.9551451187335093,0.986981179633675,1.0,2072,10,100,92,0.9951969260326609,0.9574861367837338,0.6687151693683261
Train Stats: (153448, 210) 0.6804976278609041 0.319502372139096
Test Stats: (2114, 210) 0.9063386944181646 0.09366130558183539
B3801,0.9999217976122204,0.934247871333964,0.9803093566141583,0.998109640831758,1789,12,186,127,0.9933370349805664,0.9337160751565762,0.7162593296351263
Train Stats: (151425, 210) 0.6820340102360904 0.31796598976390955
Test Stats: (4137, 210) 0.7396664249456127 0.26033357505438726
B3901,0.9999207528479446,0.941020062847474,0.9836481451138177,0.9990338164251208,3003,187,890,57,0.9413793103448276,0.9813725490196078,0.843666782022308
Train Stats: (154592, 210) 0.6816200062098944 0.31837999379010556
Test Stats: (970, 210) 0.9938144329896907 0.006185567010309278
B3906,0.9999029703995032,0.9381443298969072,0.7491355463347166,1.0,908,4,2,56,0.9956140350877193,0.941908713692946,0.09101594975184364
Train Stats: (152630, 210) 0.6863002031055494 0.31369979689445066
Test Stats: (2932, 210) 0.541268758526603 0.458731241473397
B4001,0.9999344820808491,0.9205320600272852,0.9748490874976282,0.9931787175989086,1510,156,1189,77,0.9063625450180072,0.9514807813484563,0.8405033483537768
Train Stats: (154360, 210) 0.6824695516973309 0.3175304483026691
Test Stats: (1202, 210) 0.8244592346089851 0.17554076539101499
B4002,0.9999028245659497,0.8577371048252912,0.9598471552025098,0.9966777408637874,831,11,200,160,0.9869358669833729,0.8385469223007064,0.6531638151256088
Train Stats: (155557, 210) 0.6835757953676145 0.3164242046323856
Test Stats: (5, 210) 0.4 0.6
B4402,0.9999164293474417,0.8,1.0,1.0,2,1,2,0,0.6666666666666666,1.0,0.6666666666666666
Train Stats: (151352, 210) 0.6768526349172789 0.32314736508272107
Test Stats: (4210, 210) 0.9249406175771971 0.07505938242280286
B4403,0.9999008932818859,0.5826603325415677,0.8495803345620981,0.9943019943019943,2173,36,280,1721,0.9837030330466274,0.5580380071905495,0.23432279232669476
Train Stats: (154608, 210) 0.6834575183690366 0.3165424816309635
Test Stats: (954, 210) 0.7012578616352201 0.29874213836477986
B4501,0.9999223843526855,0.9444444444444444,0.9773372144861405,0.99581589958159,656,40,245,13,0.9425287356321839,0.9805680119581465,0.8657899695609425
Train Stats: (152520, 210) 0.686801730920535 0.31319826907946496
Test Stats: (3042, 210) 0.5213675213675214 0.47863247863247865
B5101,0.9999278783110411,0.7843523997370151,0.8853346763576901,0.9211563731931669,1098,168,1288,488,0.8672985781990521,0.6923076923076923,0.5846714084181802
Train Stats: (154751, 210) 0.6841700538284082 0.31582994617159177
Test Stats: (811, 210) 0.5684340320591862 0.4315659679408138
B5401,0.9999483040497315,0.815043156596794,0.8957297799814069,0.9359605911330049,433,122,228,28,0.7801801801801802,0.9392624728850325,0.6294748703575115
Train Stats: (150734, 210) 0.6853397375509175 0.3146602624490825
Test Stats: (4828, 210) 0.6282104391052196 0.37178956089478044
B5701,0.9999469263736118,0.6074979287489644,0.8798541943909475,0.9527754763877382,1202,64,1731,1831,0.9494470774091627,0.39630728651500163,0.3962723747547719
Train Stats: (154289, 210) 0.6815586334735464 0.3184413665264536
Test Stats: (1273, 210) 0.9269442262372348 0.07305577376276512
C0401,0.9999287052220184,0.9120188531029065,0.7341306724986331,0.9749216300940439,1142,74,19,38,0.9391447368421053,0.9677966101694915,0.21654755877148565
Train Stats: (153834, 210) 0.6804607563997556 0.31953924360024444
Test Stats: (1728, 210) 0.9600694444444444 0.03993055555555555
C0501,0.9998959917833509,0.9681712962962963,0.9071992032916634,1.0,1650,46,23,9,0.972877358490566,0.9945750452079566,0.47622516279322846
Train Stats: (154245, 210) 0.6816817400888198 0.3183182599111803
Test Stats: (1317, 210) 0.9043280182232346 0.09567198177676538
C0602,0.9999092353074654,0.9111617312072893,0.9168032732264471,1.0,1134,60,66,57,0.949748743718593,0.9521410579345088,0.4811143339923258
Train Stats: (154726, 210) 0.6819151273864767 0.31808487261352325
Test Stats: (836, 210) 0.9892344497607656 0.01076555023923445
C0702,0.9999030544317051,0.9318181818181818,0.9005777240360071,1.0,774,4,5,53,0.9948586118251928,0.9359129383313181,0.19960246318163788
Train Stats: (154484, 210) 0.6816434064369126 0.31835659356308743
Test Stats: (1078, 210) 0.9591836734693877 0.04081632653061224
C0802,0.9999158488905,0.9601113172541744,0.8899133989801301,0.9962962962962963,1033,42,2,1,0.9609302325581396,0.9990328820116054,0.16709330187725888
Train Stats: (154625, 210) 0.6817138237671787 0.31828617623282135
Test Stats: (937, 210) 0.9893276414087513 0.010672358591248666
C1203,0.9998835893290219,0.9786552828175027,0.879395900755124,1.0,912,5,5,15,0.9945474372955289,0.9838187702265372,0.34397185985829426
Train Stats: (154487, 210) 0.681429505395276 0.31857049460472403
Test Stats: (1075, 210) 0.9906976744186047 0.009302325581395349
C1402,0.9999158505246396,0.9451162790697675,0.6668544600938968,1.0,1014,8,2,51,0.9921722113502935,0.952112676056338,0.06744920388075579
Train Stats: (154584, 210) 0.6817264399937898 0.3182735600062102
Test Stats: (978, 210) 0.9744376278118609 0.02556237218813906
C1502,0.9999223723024375,0.7678936605316974,0.825897166841553,1.0,734,8,17,219,0.9892183288409704,0.770199370409234,0.16605936919462688
