Reading Data
0
1
2
3
4
5
6
7
8
9
10
11
12
13
14
15
16
17
18
19
20
21
22
23
24
25
26
27
28
29
30
31
32
33
34
35
36
37
38
39
40
41
42
43
44
45
46
47
48
49
50
51
52
53
54
55
56
57
58
59
60
61
62
63
64
65
66
67
68
69
70
71
72
73
74
75
76
77
78
79
80
81
82
83
84
85
86
87
88
89
90
91
92
93
94
95
96
97
98
99
(2829535, 210) (2829535,) (2829535,) (2829535,)
(2829535, 210) (2829535,) (2829535,) (2829535,)
Total Num Samples: 2829535
Positive/Negative: 0.7246586453251153 0.27534135467488474
Num alleles: 99
output_label, train_acc, test_acc, auroc, pp1, tp, fp, tn, fn, precision, recall, mcc
155837
Train Stats: (2262518, 210) 0.7250284859612167 0.27497151403878334
Test Stats: (567017, 210) 0.7231829028053832 0.2768170971946167
0,0.9365194000666514,0.9390079568788501,0.9836421978758133,-1,19900,594,9367,1307,0.9710159070947595,0.9383694063280992,0.8635211056623262
Train Stats: (2266940, 210) 0.7248590611132187 0.2751409388867813
Test Stats: (562595, 210) 0.7238510829282165 0.2761489170717834
1,0.9373221170388276,0.9356070328542094,0.9816177678017941,-1,19838,620,9323,1387,0.9696940072343337,0.9346525323910483,0.8560924726889229
Train Stats: (2261488, 210) 0.7239246902924092 0.27607530970759075
Test Stats: (568047, 210) 0.7275806403343386 0.27241935966566144
2,0.9368486589360633,0.9353482850450797,0.9820768528355379,-1,19892,627,9260,1388,0.9694429553097129,0.9347744360902256,0.8550716335655555
Train Stats: (2264486, 210) 0.7249949878250517 0.2750050121749483
Test Stats: (565049, 210) 0.7233107217250185 0.27668927827498146
3,0.9355513789884327,0.9357333076651586,0.9830242080308412,-1,19863,602,9301,1401,0.9705839237722942,0.9341139954853274,0.8563337990894289
Train Stats: (2262708, 210) 0.724484997622318 0.27551500237768195
Test Stats: (566827, 210) 0.7253518269242644 0.27464817307573564
4,0.9370665591848352,0.9360541598485578,0.9819362569695483,-1,19933,647,9241,1346,0.9685617103984451,0.9367451477982988,0.856238081257254
